XE: 139.724022
YE: 153.407442
distance: 117.165772
